8.863875032288614619e+00 -5.969057140863347488e-01
-4.631349147023946067e+00 -3.063756607389012565e+00
7.527583530321654948e+00 5.209983373519678773e-01
-3.139484273385050983e+00 2.301706437080310419e+00
-3.629949817946683588e+00 -1.284335610911438330e+00
8.469056043030292358e+00 5.917570783675548673e-01
-3.681018886669038981e+00 8.540539618075634332e-01
-3.607694316077030283e+00 -1.172403691507519774e+00
-3.962896062593451063e+00 -5.752002104641099622e-01
6.101359465175921315e+00 -5.519471552606731724e-01
7.120705775260222303e+00 -1.527971764757832585e+00
2.552204861627460630e+00 -2.723814451059135333e+00
-5.971461583200501799e+00 -1.271955586723432896e+00
-4.165014263315756970e+00 2.112790838262683657e+00
6.054757893703723859e+00 1.891734665545551364e+00
1.268961375997113894e+00 -2.425935569646528123e+00
-6.180475613992592265e+00 2.780694370788224790e-01
-2.435506297300144674e+00 4.316172938421433125e-01
9.120451172751442570e-01 1.633332050514523903e+00
-5.336643172082089492e+00 -2.064384436268912992e+00
-5.113628946946640497e+00 3.121694061357008110e+00
-7.724018685605299694e+00 -2.810801177763139425e+00
8.354636329033423792e+00 9.357097489398837897e-01
8.508832393745755951e+00 1.022388917678816733e-01
-5.137207724691081445e+00 3.667448672682727562e+00
2.323783149156634753e+00 -3.216221902867951954e+00
2.822661366006308903e+00 -1.755730553242361047e+00
8.041509226607786331e+00 5.146685280864400358e-01
-4.721667566030300023e+00 -2.330216562246988588e+00
-4.758331193940329662e+00 3.158458198966064501e+00
6.945591701497895176e-01 -2.714204886736760192e-01
-2.508513868248607892e+00 1.217073885461015248e+00
6.779420661002236947e+00 2.611464594688150398e-01
5.481446198910236767e+00 1.516777714690845658e+00
-3.088792327969581919e+00 -2.772424175862749779e-02
6.879622813237443069e+00 6.305808235832999209e-01
-3.952938761819151381e+00 -1.054349078489717484e-01
-3.170119651845514142e+00 1.980815378677866223e-01
2.087606776655785090e+00 -3.202290385969398301e+00
-4.626338785923654662e+00 7.218942754592854172e-01
-4.832672384044863989e+00 -7.269285957015347854e-01
8.124635490578011598e+00 -4.238157911012429002e-01
2.752067629800003523e+00 -2.064346786845386639e+00
-3.914043008904867893e+00 -1.440228224837782622e-01
2.345340821409959808e+00 2.917044096316652180e+00
-4.046385487033221651e+00 1.684730012551157730e+00
3.403237005935853876e+00 -3.311933369606972377e+00
1.348422892076994284e+00 -3.634008280266991964e+00
7.349776030896919110e+00 4.274501172411447891e-01
-5.697288713471706512e-01 -3.087485396067165322e+00
4.958511541693504832e+00 3.301442357338972844e-01
6.414234805272048590e+00 -8.732887583991044700e-01
-6.731061534395319512e+00 4.743868647023772311e-01
6.596373944294310121e+00 1.525612349048959260e+00
-6.217097215911675967e+00 -3.821751429992772398e-01
-4.838337820739146089e+00 1.363627310946329052e+00
1.751702490679823754e+00 -1.521285281254009192e+00
-4.549029525250174011e+00 -1.255819457953222473e+00
5.804984866073038319e+00 9.155974453814478276e-01
2.012740995872077110e-01 -2.308128971963533532e-02
-4.150545795722922371e+00 -2.125593991184874021e+00
-8.499119922824038831e-01 -1.993084174477157910e+00
-3.068059284085407512e+00 1.610308599988442779e+00
2.598323757967426317e+00 3.806173975222444383e+00
-4.675668133835809925e+00 -3.168108904008492210e+00
-7.913924099742698504e-01 -2.167246877136037586e+00
-1.506388233485762118e+00 -2.022757945784730005e+00
6.085240591989160563e-01 -1.025147235194214579e+00
4.914705931534778749e+00 2.670252838695666986e-01
3.289399912134271631e+00 -1.473183203051716239e+00
3.359011048523276033e-01 -2.025499891130949859e+00
-2.063747525216977685e+00 5.067142885869020397e+00
-2.159455960521824702e-01 4.204837920118187355e+00
1.165747205934825281e+00 -3.242342700585729265e+00
-1.561790857672369359e+00 -3.214335197703762415e+00
-5.044283288004052679e+00 2.697306899196305174e+00
2.301287173110066586e+00 -2.814381776843251526e+00
1.056874133843623831e+00 -2.306145351287296474e+00
7.531527147664666799e+00 4.167915132673585127e-02
-4.044322797536146652e+00 1.120453051411904460e-01
5.582139490261815995e-01 -1.895736899988429647e+00
-6.073250911086523374e+00 2.576619537930036952e+00
5.989984406120654192e+00 -1.761806743612176707e+00
2.392145448943922226e+00 -3.459984387913550563e+00
-1.769906817619595341e-01 -2.834475266806512739e+00
-4.186179929837136271e+00 -3.049229662182646017e+00
1.962098341960216930e+00 -4.145702455757648508e+00
1.245482848181522328e+00 -5.428850055221330351e-01
5.041526874866260499e+00 1.037957369963112386e+00
-4.577700740893762443e+00 -2.099351898196619270e+00
-5.238280746257796494e+00 1.309669937432364595e+00
2.931070396467321704e+00 3.224868312350891220e+00
-3.620024511293183256e+00 3.692317104936102545e-01
-2.306070917874949000e+00 -1.241697750317948490e+00
-9.859757584566134492e-01 3.609160231187774848e+00
6.571260775718242186e+00 -9.743136734655037934e-01
-3.230318210797351597e+00 1.050201976530362735e+00
2.711488425986620765e+00 -1.829786642236779892e+00
-4.180953242483639087e+00 2.920278540502741493e-01
2.581112731402625649e+00 -2.054304103369855916e+00
-2.739109939551984674e+00 -1.644338982525049175e+00
-9.104013226846583429e-01 -2.447845844094526768e+00
1.275173499368808638e+00 -4.159181199552687502e+00
6.686429204314817687e-01 -2.854743262620446309e+00
7.726096066283250963e+00 1.327734956543519029e+00
-1.571558023092156420e+00 6.201395509417045204e+00
7.496336320874552150e+00 4.228873511932735862e-01
1.770497160041159423e+00 -1.045615914426708759e+00
-3.710696464907422332e+00 3.223074492457570717e+00
2.811228676372945934e+00 -2.295085531449495786e+00
-4.264422720601774408e+00 -3.941653720086689683e-01
6.794496912631871943e+00 2.128685447199737624e+00
-3.395626446311516666e+00 -1.362950404749177835e+00
5.922579840775401561e-01 -2.958208460011825025e+00
-4.975441808163489910e+00 1.008205897311808430e+00
-4.742730942997786414e+00 -1.564220017186443767e+00
-4.360898287730170964e+00 2.626612522771916591e+00
-4.864739591379719563e+00 -9.728674540660645631e-01
5.569796851913292102e+00 3.639232649081272086e-01
-5.418793939815201632e+00 -1.501924430161035939e+00
-2.275633431694069619e-01 -4.421953289929744790e-01
4.699884759935635259e+00 1.218818739278108687e+00
-4.160480759252450866e+00 1.772489403130893981e+00
1.095766486732605127e+00 5.700159530987996881e+00
-2.039216774668303422e+00 1.340343436383226727e+00
-6.548968237623135735e+00 -4.121561708571963578e+00
-6.328946758700090491e+00 1.320027829541602582e+00
1.230868441679123571e+00 -1.416052051612092910e+00
1.748018457888183441e+00 -2.542593187960112022e+00
3.039678019030057854e+00 -3.301474263105095286e+00
6.887496656681624252e+00 1.630072610511149378e+00
-5.047197923664089814e+00 -2.170073638953840867e+00
6.587599553474458247e+00 -1.875543086505583767e+00
-3.931357029737633013e+00 5.886448633523383434e-01
-3.789699145859275919e+00 -3.675824490715860371e+00
7.628186808318231371e+00 8.256993626347595150e-01
1.169992567316416210e+00 3.757201596919941267e+00
2.685885981284145796e+00 -1.688017798608214992e+00
8.819520795229346399e-01 5.528057202358864330e+00
-4.569204935048839289e+00 1.563780902504980475e+00
7.667819988200968773e+00 6.371345610320697794e-01
-3.957265281429347414e+00 -1.983842604630685846e+00
-6.310349377598416964e+00 -1.019731166462384486e+00
5.472894314889215295e+00 1.320122803567378433e-01
4.549179997449471102e+00 1.019269259299624641e+00
8.405139540955415711e+00 7.004333401340490095e-01
-4.535007175921509592e+00 2.813480212629378752e+00
6.197905402534871655e+00 -3.226555012269644584e-01
-1.983949827790885356e+00 1.494963110843589016e+00
-6.312826791155906392e+00 1.922022613399938962e+00
-3.951626124733025325e+00 -2.791823461386170102e+00
2.186896741410135014e+00 -1.312596168859668122e+00
-4.333946251730011134e+00 -2.842857424710163450e+00
5.999459279444573134e+00 -2.516833015653426875e-01
-3.369643644912573954e+00 3.566650155052776938e+00
8.379898016217872225e+00 -5.081698162942424046e-01
2.486174619593052526e+00 4.121374237504785043e+00
-4.250107254105186527e+00 -2.151042099477750824e+00
5.023607335460053669e+00 -1.289360300412686122e+00
2.811527429498134723e+00 -2.283310481833272121e+00
6.141009070171651985e+00 8.352785217261106121e-01
7.013000220866109080e-01 -1.191950673744506251e+00
-4.480057167717006017e+00 2.288917174788742126e-01
1.098112793594860470e+01 -2.440072001429295923e-01
4.911187009398830128e+00 -1.024713071450627844e+00
-4.918923461879770365e+00 2.479253925940985703e-01
2.201366693832677690e+00 -2.307770844192397419e+00
4.593118663062011109e+00 1.475494722861072361e-01
3.540450503384785730e+00 -3.011011480032010468e+00
-4.028080943167811512e+00 6.275356254369030218e+00
3.067678832155941837e+00 3.225032818394296896e+00
-4.355517567071134799e+00 -2.730643673318140507e+00
1.088593811748469697e+00 3.309472614987769568e+00
-3.790757025110380596e+00 -1.114584206362963625e+00
-5.627970898404418776e+00 2.934980748724299593e-01
-5.081084848229403761e+00 1.279620654610893915e+00
-4.165603580780322446e+00 -3.986456729198117332e-01
1.810258119033024915e+00 -2.508911755396223686e+00
2.049366970612625849e+00 -2.826747714247425325e+00
4.671437451247190786e+00 2.352564522587371698e+00
-5.689983885690926613e+00 -3.263363763564849584e+00
-2.280344760080024624e+00 7.234471342133239058e-02
2.597484295403908128e+00 -4.304799206925780553e+00
-4.883470299459058417e+00 1.917363690303321710e-01
8.150431252081865807e+00 3.841563998668737767e-01
3.483150296494075260e-01 -1.346089500527584359e+00
7.274614541598064754e+00 -4.898954924670420041e-01
-3.487826762373201106e+00 1.305578664734943495e-01
-5.836413595622586215e+00 4.349135615699180946e+00
6.127559344419273302e+00 1.490482412365857989e+00
-4.500048257879243785e+00 -2.955112307482917977e+00
4.616443773323558375e+00 -1.176044806224114225e+00
1.143905408689139591e+00 -3.081148788390404736e+00
-4.720321012162199459e+00 1.198319002209863093e+00
-3.430949685790690928e+00 1.034811482502662860e+00
4.130377018793740085e+00 -4.659870706989426292e-01
7.469376402080214028e+00 7.288006197613372539e-01
-6.469088765983908473e+00 -4.854786905144365949e-01
5.817920660239339625e+00 1.272029970097211748e+00
2.533059781066938410e+00 -2.394889128373286269e+00
1.696863509344369358e+00 3.568750843949333174e+00
7.275559734541361401e+00 1.027492099690148208e+00
-3.461794493799056127e+00 -2.877369471250043276e+00
4.533286177520146509e+00 2.407618304169433898e+00
-4.331160731748738613e+00 3.730843686792761349e-01
-4.352291543626320092e+00 5.658130068552149616e-01
3.235851527912272818e+00 -3.805689354070381558e+00
-4.447952535346834324e+00 1.469797922951920910e+00
8.548529192636966645e-02 5.944511084365812437e+00
1.335757143931744828e+00 5.685982660234467190e+00
-2.829167694950499357e+00 -4.936121327747519105e-01
-5.468777202186744013e+00 -2.680332839327869809e+00
8.258573753553577035e+00 -4.029392335637883571e-01
-3.656038054806954651e+00 1.484242093148662622e+00
8.542573915983529886e+00 -6.347667754604923163e-01
-5.991476892879406435e+00 -1.726890517680463200e+00
-4.970193374003087361e-02 3.893942423546303822e+00
-4.898031325595036733e+00 -1.340434125142324850e+00
4.019152716998378727e-01 3.712025194344025003e+00
-5.486968397392696595e+00 -2.671227850637088341e+00
-5.900022883350109382e+00 -1.994826272232915532e+00
-1.224193123271706707e+00 -5.557182181968356449e-01
3.477044736910139378e+00 -1.699101212259259475e+00
-2.885402699729520126e-01 3.415618693475226397e-01
6.142291633424812325e-01 -1.580305111713179445e+00
7.453938488609484381e+00 1.520653751938179532e+00
-4.047349231557936022e+00 4.619291596285605372e+00
1.984501014642854333e+00 -2.920093707211386835e+00
-5.063144102177927763e+00 -8.352601591589882135e-01
8.434880496242545433e+00 2.007029058750957606e+00
-5.359387878304879393e+00 -1.242408929665571177e-01
-5.033003704861545025e+00 2.009088736143088472e+00
-3.730180923226546152e+00 -1.048687391996894869e+00
9.150455077466088660e-01 -4.953985672141125174e-01
-2.685548655274503371e+00 1.388179042497761362e+00
4.784733841905857155e+00 3.876808103305531272e-01
7.354743400753829263e+00 1.248498600246425450e-02
-4.726951830116815856e+00 3.121172698385535682e+00
2.215523408218903478e-01 -2.441601697964297379e+00
7.803603406303016854e+00 9.655199744539812168e-02
6.423635425050660430e+00 1.517172787791153610e+00
3.131321320234435213e+00 -3.089326022039537101e+00
-4.035587358181705220e+00 1.145570279252068779e+00
-4.499266634222741423e+00 6.843104995662508960e-01
2.176909451172230336e-01 3.896481934620322995e+00
-3.884254369494016146e+00 9.193752222629714144e-01
-4.329902736586140222e+00 2.852983140487246771e+00
3.068722460670042729e+00 2.119836899179168732e+00
-4.115536093973394927e+00 -1.062063312419326166e+00
1.513027673484645952e+00 -2.714562413618771153e+00
6.496431665020127255e+00 8.219314721374543220e-01
-4.331884244096748660e+00 3.446175187891181158e-01
-5.919402901920444826e+00 2.596632943127291870e+00
-2.095938675079172531e-01 5.229347412261263983e+00
-4.890128808702950636e+00 -1.816427143577126202e-01
-9.559162730804686703e-01 5.253801941658032604e+00
7.891298692895068356e+00 1.930299293776727154e-01
1.908810410916326861e+00 -2.949948644330058656e+00
7.749863446602249795e+00 9.891343296991866874e-01
-4.582837085802545118e+00 5.267967380163107727e+00
-5.695126253847871745e+00 -3.049009516378930473e-01
7.158478014256517419e+00 8.500192539436923767e-01
1.437633750087490836e-01 5.146449823352215347e+00
6.576007313448137825e-01 5.366366077492644493e+00
-4.934360711515644482e+00 2.203190553695260956e+00
-3.980570052753701127e+00 5.791961360973385098e+00
-5.457434275401830348e+00 -2.710383607116511051e+00
2.186679735281827686e+00 -1.983667351330308692e+00
9.101896328765565869e+00 2.049458841042997026e+00
2.021231331593519975e+00 4.445525959362622181e+00
-3.996646758884950579e+00 2.086847479882473877e+00
-5.693081850090426776e+00 -3.768358106132058793e+00
2.448514352959989093e+00 -1.493405579879149236e+00
-4.197655999994978515e+00 -2.546267471721353814e+00
-6.029375835098576886e+00 -3.288364865269982618e-01
7.288693693927661421e+00 -2.341709067287066071e-01
-4.141947980617166181e+00 1.258442713821832593e+00
2.742080666453422744e+00 -4.264576092054620737e+00
-3.827450823718176132e+00 2.478854554293519752e-01
-4.374807035248084119e+00 -5.799035925678213133e-01
3.373101602758986850e+00 -2.795317016574424329e+00
4.710294346684622546e+00 -2.266593883593556846e+00
-3.031940725837929951e-01 3.276481506677782374e+00
1.628978542714647038e+00 -2.523254104098448636e+00
-3.828328816996040551e+00 2.163921845286950418e+00
-4.168965578391655491e+00 -1.170931646296176742e+00
-3.922818198024943914e+00 3.001081920009087689e+00
9.138710192078010053e-01 -1.161068705050186445e+00
-2.882985146575645530e+00 1.508849914057133201e+00
-2.173868190815518631e+00 -3.050191910202986634e+00
1.312028638812869685e+00 -3.342429529734607385e+00
-5.388040609510216683e+00 2.083932014118393905e+00
-4.018423130050805980e+00 -2.732049556981191341e+00
-1.621259567877776808e+00 -1.543454737236577889e+00
-1.482612169544136105e+00 -4.118491004436394043e+00
1.977952740386486719e+00 -4.390159616560175948e+00
-3.581019466283829722e+00 9.283532707088766323e-01
-4.805909505740524779e+00 1.616595814346420079e+00
-3.640138304151330217e+00 4.257727004623878542e-01
-6.916846184207615933e-02 5.453855374722578198e+00
-8.601934767168091245e-01 -7.222024584807177350e-01
-5.340408846587102465e-01 -2.044560509503000834e+00
-2.214124209906082885e-01 1.839169876181084629e+00
-5.780022158644153585e+00 7.471526255933557126e-01
5.908686022206179889e-01 -2.949154965514580340e+00
-4.656449192431717066e+00 -3.032470735945006712e+00
-1.583322048161917017e+00 4.258467192146897951e+00
3.613123089252741060e+00 -4.505997068966834107e-02
2.750600598557968901e+00 -9.178513213573880059e-01
-3.260265752608492384e+00 -1.306191661487446920e+00
-5.060030643465823097e+00 -1.001806135778414042e+00
-4.704908773830814184e+00 -2.351241824756144794e-01
-4.636414513244067059e+00 1.917076463451199864e+00
-1.896657788236079667e-01 -4.229901361120209202e+00
-4.286898833333609993e+00 3.610560656802234702e-01
3.049477553475575142e+00 -3.202655911236984565e+00
7.561138126450724251e+00 -5.525711715597426688e-01
-3.212713336707606171e+00 6.903814191141499634e-01
-4.775365917721424158e-01 4.946861453108982509e+00
1.704607962982343405e+00 -2.779731576797515924e+00
3.677571265510944098e-02 1.491333996492867797e+00
1.993479059500527617e+00 5.435397288602893617e+00
2.002699826148716333e+00 -1.683825318373536106e+00
7.355225666172241716e+00 -7.515851720784857415e-01
-4.672699900588357380e+00 1.454646639427586985e+00
-4.390800661230406021e+00 -4.416881338591991391e-01
-4.136136727545812519e+00 2.783980409350729879e+00
-4.823067502768406456e+00 -4.234044965903867919e+00
1.713648421865023419e+00 5.392941445437738679e+00
-9.688069864883932514e-01 -1.170860229973661459e+00
7.810297118754654377e+00 1.582577780974703918e+00
-1.976464134624140057e+00 -2.635488182195375284e+00
-5.379439900456596035e+00 -1.859287011676365342e+00
2.961568334417243431e+00 -7.727578012817165609e-01
-1.787563918334507118e-01 -5.131110815145097925e-01
-3.215913905866566225e+00 -2.582185954042009790e+00
8.162971200442642683e+00 6.209970960779644944e-01
8.257492058603254748e+00 -3.646835132179410133e-01
-5.758968672039844527e+00 -1.184762403274642883e+00
-4.280609556112199066e+00 3.724127029724181082e+00
8.785220927521171230e-01 -9.272983952639627381e-01
-3.089098535539247958e+00 1.793546884237430028e+00
-5.611760987479218477e-01 -4.543529058534954146e-01
-4.519760246342622523e+00 -6.539231111713706968e-01
6.268530495685102011e+00 -1.078326003169522568e-02
-3.523870013631146492e+00 9.799193948752799033e-02
4.360257186771573146e+00 5.442269079567604306e-01
2.733567283610338627e+00 6.046806481853598259e-01
-4.115288568952689019e+00 3.527045476204171415e+00
7.433494823698201692e+00 9.444330567199755999e-02
5.118818585925666298e+00 -2.065489893351462491e+00
2.214086780157535017e+00 -3.577113913828435798e+00
-3.442180818255762720e+00 4.738111030744595276e+00
-5.764548905830731762e+00 1.143893395283952064e+00
-4.927046536517716291e+00 2.927314917592986010e+00
-4.338937615916219848e+00 -6.673131845711699484e-01
6.215622966368014701e+00 -5.899081591746027642e-02
-4.637092407796886917e+00 3.591531812654725098e+00
5.939022187654266816e+00 1.873081540214769802e+00
-2.978665013249205185e+00 1.067022991170372803e+00
6.014319206522079853e+00 -7.854078494042091574e-01
6.783275039531298845e+00 -4.504249720092735054e-01
-6.028553228896324612e+00 1.799356969096914671e+00
-1.841550795927700546e-01 -2.655360529692674554e+00
2.943229929540723600e+00 4.060791283999384049e+00
6.441933923650386973e+00 1.509200829876520267e-01
6.325670881336353801e+00 2.764134597784584924e-01
9.512274548474861646e-01 -1.231880498850160599e+00
2.647240841250684262e+00 -3.363551039444156121e+00
-1.893365624731180974e+00 3.226085948116773849e+00
-5.097533178597190018e-01 -1.381773256163767227e+00
3.097313342544277148e+00 3.348861195866855489e+00
-5.014166765679565430e+00 -1.501232485744591116e+00
-2.578202370722055825e+00 3.247923961045673380e+00
1.713285658900987607e-01 -1.618548769861166248e+00
-4.090058227686885317e+00 -2.755963884180731682e+00
-2.857779999849558994e+00 1.023975247344709016e+00
-4.659803326711022819e+00 -2.075803957081479467e+00
2.356928704497247118e+00 4.890625092285830533e+00
5.630793537730355958e+00 -1.849769486639811222e-01
-2.031159853052954656e+00 2.377889622258763325e+00
2.063813749768637962e+00 -9.990207781199766934e-01
-4.798069434963994517e+00 2.204947237914157976e-01
-4.768259085829796184e+00 3.307780313845992914e+00
8.029049119685482960e-02 7.086343636523545264e+00
4.489354017386832041e+00 7.793423262480595470e-01
-4.346809961829180224e+00 -2.578148605206214139e+00
5.729402592314762899e+00 1.303591898051332354e+00
-6.883009889338365106e+00 -3.903751481314267746e+00
5.068024589028605198e-02 -2.339629106748758680e+00
-2.308313200788301156e+00 2.401607405435469911e+00
-3.272851204499077404e+00 -1.754383179573525964e-01
3.801674143817511009e+00 -4.855254619860742138e-01
1.183816254442942695e+00 7.183202834068601383e+00
8.334996429320272071e+00 2.070216370654104576e+00
-4.181102590502559835e+00 2.160059552409011374e+00
3.074517175711136474e+00 -2.320944813445019683e+00
1.464038498319028658e+00 2.972219738313814030e+00
-2.596123843225914385e+00 -2.302310177405435976e+00
4.033482507764809100e+00 3.278887944602087323e+00
2.239040951207950658e-01 5.297527328175236860e+00
1.746875750157093732e+00 4.865059620762981929e+00
6.632997602433197137e+00 1.141154583320909133e+00
8.576831874217457630e-01 5.033434855952918952e+00
-3.789325424950729104e+00 -2.399782081890259100e+00
-3.124405921437209521e+00 7.139648584078538418e-01
6.442453139285148289e+00 8.821994816130700467e-01
7.725663098846528243e+00 -7.100310317668253601e-01
2.645323042390178347e+00 -1.728458765707667766e+00
-2.858425622808985267e+00 1.356695619699322952e-01
-5.360612829156152337e+00 -3.454407425506633711e-01
6.032679652539279402e+00 -4.171724842279962431e+00
-3.715391844240823804e+00 2.643722545228506249e+00
3.461247264811034285e-01 4.387396065794593625e+00
-5.018387531499326926e+00 -7.770493612967286357e-01
-4.558114320453795720e+00 -1.183496515662518789e+00
-1.044549519550560746e+00 5.005219837140575834e+00
-4.080739948273901518e+00 1.410912430768848758e+00
4.006978699085390616e+00 3.425452187862066955e-01
1.998347010751094999e+00 -1.700134355038212863e+00
5.228049304361147342e+00 -1.635251559396904586e+00
-4.471425402804973359e+00 -9.964276430113215843e-01
-3.692309871014987532e+00 2.509238935671339821e+00
7.899877845779597507e+00 4.588184192070460798e-01
-4.734832424495459158e+00 -7.771251836298076476e-01
6.840219351673218817e+00 1.128856762023029425e+00
5.075592892644583687e-01 -3.358714173421058824e+00
2.941098709758281693e+00 -1.259969013764001833e+00
-3.982395756001167353e+00 -1.115024532306399419e+00
-2.210009976546998267e-01 5.240735298840408340e+00
5.188036290336670575e+00 -4.269363992448194089e-01
-4.166106207420162022e+00 -8.529159495427912629e-01
-2.636988088799072649e+00 2.943937268219910308e+00
1.357021076725198894e+00 -3.999586934320418230e+00
-3.138121851540679685e+00 -3.585902847317332109e-02
-5.784879344186503403e+00 1.813678804956382118e+00
3.418174579801839919e+00 -2.403795730030806155e+00
1.845937420298412235e+00 4.187177604239064266e+00
-5.049706604617756334e-01 6.780003007950434757e+00
7.942840061738380086e+00 -5.337540258115838765e-02
1.765957326740107858e+00 5.299562784903340429e+00
-3.777502599733518984e+00 1.474717413207985217e+00
1.210299771109470734e+00 -2.733243887247690296e+00
7.476939205784383091e+00 1.820624175176329129e-01
2.001989986103554831e+00 -1.792097562347533035e+00
6.875303057647620619e+00 5.798204414433343334e-01
-3.180609140634711007e+00 2.405535320634842655e+00
-3.781862351712092174e+00 6.882594693124034491e-01
2.914497555192358647e+00 -3.571129585036798115e+00
-4.446098625690369843e+00 1.330878333176031880e+00
-1.523880942653560666e+00 3.325085801271586927e+00
8.176490894816710764e+00 -9.207496736012608096e-01
-2.807470208602717232e+00 5.676306981948524566e+00
8.648230894533437407e+00 7.618478546729501311e-02
-8.070829902496357011e-02 -7.982251660536046067e-01
-2.707626352680812865e+00 2.621017506909668615e+00
6.273700765984290939e+00 -2.179542287100820097e+00
6.460460110321488258e+00 1.042666708116561036e+00
-3.241528794385585055e+00 -2.999572309575767592e-01
-5.855490610413411900e+00 2.498622375828392528e+00
5.487319336646889312e+00 1.138190575860780651e+00
-5.715271066404346456e+00 1.457722240988588824e+00
3.874165527111858576e-01 6.951029800050290142e-01
-3.913582581343581168e+00 3.469160839696116660e+00
2.670512729910483607e+00 1.151489242159756454e+00
-4.337279870477647847e+00 -1.713284811697481258e+00
9.695152900286629905e-02 6.171559523285546689e+00
-4.886961639989911177e+00 4.758286464834780016e-01
6.743642309129684875e+00 3.778248612022955255e-02
8.735330501590436114e+00 1.465458409359160941e+00
4.812585576703753532e+00 -1.909572189075232407e+00
6.809302488942171827e+00 -2.530219911425852786e-01
-3.214915963453833125e+00 -2.755051296914682091e+00
2.509844498902021659e+00 -3.028185094555258416e+00
-5.641075229711335348e-01 1.516197814429283364e+00
7.263488969561178621e+00 1.370540421393776409e+00
-4.490229783598994828e+00 2.122927329420459253e-01
-4.701868292560240636e-01 2.205003630027951189e+00
6.122406285704816042e+00 -3.205823772629211588e-01
-4.746120935271710195e+00 -6.932248712924875544e-01
-5.233412135403644250e+00 5.024491369755896830e-01
-4.887331614017567105e+00 -3.093495739785899978e+00
-6.207717051642596573e+00 -1.232515837486186872e+00
-4.400025039582284414e+00 7.260356689091898574e-02
-3.479557572018364908e+00 7.256088622179128755e-01
-2.832877977568961647e+00 3.023213946428123577e+00
7.216075220272694324e+00 -7.371637683828246024e-01
-4.704087502307216617e+00 3.116725254131149647e+00
7.742505097602286890e-01 2.530003460277495453e+00
2.975665117289073347e+00 -2.921411103709712354e+00
5.453081459457401081e+00 -7.963473581317261907e-01
-1.534303600852571448e+00 -2.246117292273295263e+00
-5.450974440659299702e+00 -4.945069861743232487e+00
-4.251943942018947986e+00 4.568480331213303103e+00
-4.811523352625249217e+00 3.018481902536750638e+00
-3.943476442808758975e+00 2.883865037753250427e+00
3.796644082099279949e+00 -3.563704366970879001e+00
4.445839304129966862e+00 -3.373883088610938774e+00
-3.302847729619275530e+00 4.122887945485617101e-01
3.210091895290048125e+00 -3.646379792454689017e+00
-3.311929814871910516e+00 2.501940714631967655e+00
-3.620299113221501219e-01 -2.239645753807973261e+00
-4.982186990261628701e+00 -1.623527053996186797e+00
-5.478975722623169453e+00 2.413294292484632120e+00
6.687351721070863064e+00 1.080527188807924865e+00
-4.514285880322168154e+00 1.715457827173977670e-02
-9.632879618163661117e-01 -6.843654098555582710e-01
-3.478474433362854334e+00 7.274577649829662152e-01
-4.275037543820211283e+00 -9.075839696399934375e-01
-4.276375287772302691e+00 2.837446381588440980e-01
4.330210314931889570e+00 1.469819069009966839e+00
1.687903780336623250e+00 4.780437941543097757e+00
1.258154258674797354e+00 -2.497851544312955863e+00
-2.962234400658881883e-01 4.925163764798978328e+00
-4.475367010987863381e+00 7.078490413866521669e-01
2.578157596769826476e+00 -2.618327670233683513e+00
-4.861446375035583856e+00 2.820671944801596442e+00
2.573521777252397058e+00 -2.668611750837160734e+00
6.483139115894648974e+00 2.147797308984444598e-01
-5.727283494392416685e-01 4.900522111917362977e+00
6.104639232690827200e+00 8.222737203101581072e-01
-2.299769713438945207e+00 7.152278721038163312e+00
-3.917062536905389525e+00 4.594547265167719247e-02
-4.642280266587954785e+00 -2.391166368407509513e+00
9.442785082787791495e+00 -1.620514517012705824e-01
-4.037312618280377130e+00 1.074800661499362292e-01
-5.074732979963487267e+00 -3.974826331135510316e+00
-5.738325138041203921e+00 -3.077313700394703311e+00
7.533370562557181849e+00 1.517881246912701210e+00
-4.397381170841630826e+00 -4.082972172563182234e+00
-4.988220842341327455e+00 -7.909862496359018058e-01
2.328791033798360388e+00 4.951117872990107749e+00
4.090937828029173606e-01 -3.759299364221737605e+00
5.033293141798584891e-01 -1.124476325645799246e+00
4.751088816500183221e+00 -5.206159738311948448e-01
2.550706318714397902e+00 -2.696358078493586330e+00
-3.473031242820925790e+00 -7.783808638514251310e-01
1.029953930906543524e+00 -9.544112817897877354e-01
1.612596163001416727e+00 3.118376873198486443e+00
-4.318298972959297544e+00 7.213269827361568076e-01
-5.459129329048048263e+00 1.504000393900635668e+00
2.053302891602206248e+00 -1.789940423906074329e+00
-3.809787746821927001e+00 -2.783633765844202856e-01
-4.335242508966851815e+00 2.615585526785928039e+00
-3.242511472078611234e+00 -2.033452268646282590e+00
-3.707046658841216313e+00 1.849305101485943403e+00
-5.665094269182400666e+00 1.286065187348656991e-01
1.115867509924057588e+00 3.684010773603318523e+00
5.919750994663448118e+00 3.275074640474400223e-01
6.228916072200739507e+00 4.831994789375733679e-01
-3.883217078679190859e+00 2.013455024462558640e+00
-4.559280410361806979e+00 2.057177795751613747e+00
-4.903713561013535838e+00 1.085983383426951665e+00
2.369185522178427206e-01 -2.769221401930625603e+00
-6.326965583452909270e-01 -2.994432379048319159e+00
2.500930248879079443e+00 -2.204127868965638726e+00
-2.168158621360244398e-04 2.898111559816646476e+00
-4.478135047174832906e+00 3.444938974045017588e-01
-6.482791585013599978e+00 1.666973308879921012e+00
-4.609674822058162924e+00 1.262457336856856127e+00
1.200365228560960951e+00 -4.450129099034776936e-01
-2.380172364699555843e+00 3.894830966515311577e+00
-3.992076164646634950e+00 3.963484285535081031e-01
-4.681314819511443126e+00 2.807278238810885895e+00
-5.003051115060352494e+00 2.013286780161110678e-01
-4.208834147360819955e+00 -1.391367588943890343e+00
-4.496918369150543882e+00 -1.499840075198696887e+00
-3.786166925397864702e+00 4.229718016338211983e-01
-4.692478139061163844e+00 -1.786994139325020825e+00
6.499525650087197626e+00 -3.583956041029454781e-02
3.990240814677660453e+00 -2.644016946888777753e+00
5.103654113540184056e+00 -1.869848916578732867e+00
5.832502222536483316e+00 -6.513126436426304178e-01
-7.255650990490863927e-01 3.638498527021347684e+00
-4.761528779326148708e+00 -2.366598951752219904e+00
2.980988090705173565e+00 5.460852073472439727e+00
-3.851752911701611382e+00 3.428501371105001638e-01
1.457862411825281701e-01 -4.092272085518972702e+00
-4.247899464856301321e+00 -1.404209673362957878e+00
6.961750401325437210e+00 1.702885350732655123e+00
1.278766984231038406e-01 -3.274765858686179421e+00
-5.794370137831162282e+00 -1.047750633592891667e+00
1.616135552603397141e-01 -3.691119631498312792e+00
-4.677134026764519170e+00 1.051922975649257408e+00
1.166732059891951945e+00 -2.610736545820717680e+00
2.094629676943025487e+00 -3.284646256416408949e+00
-4.012409812395336672e+00 -2.711487917897061894e+00
-8.827414713677098623e-01 -2.252821447320969561e+00
-2.753590515913689973e+00 -1.336702596760043882e+00
3.354178080978871712e+00 -4.638004944235834870e+00
1.410816890391815459e+00 2.323080914454726198e+00
7.381622470711262096e+00 1.018925584663040951e+00
3.962998274206216198e+00 -3.029839154827389525e+00
-4.471598254173558828e+00 4.092526032498689514e-01
-4.105420099430549641e+00 -3.989254202429340923e-01
-4.095285281604694738e+00 2.092802778471679837e+00
5.870996527407839061e+00 -1.040324191706736512e+00
-5.266678974214193509e+00 -2.286803903541860250e-01
6.544218307619426689e+00 -2.258267640820338096e-01
-3.829801081666790452e+00 -4.306166997066518398e+00
-3.756338003879873266e+00 2.271645489421510788e+00
-1.186726491820065066e+00 -1.299417409087609832e+00
7.166955143386715577e+00 -1.437601484299186050e-01
3.865964644219975099e+00 3.611993274035976142e+00
-5.167260706963880068e+00 -4.261639984378104984e+00
6.400185696943031743e+00 1.951793531667449066e+00
-5.171048322017245624e+00 1.175414875460950359e+00
-4.017301810339951373e+00 1.515512291150037161e+00
7.121386234518062297e-01 -3.557605615112797715e+00
-2.646991425503874673e+00 -5.919531136015224737e-01
-4.609857640101203913e+00 -3.046472869625199920e+00
4.408489630650598734e+00 -2.466106283087001749e+00
1.098508133856349600e+00 4.802970741909163621e+00
-5.312576222101046852e+00 1.463292571512659457e+00
-3.399670552876433494e+00 2.206455913137673086e+00
6.427022672073749554e+00 -1.463685224792661832e-01
-4.932549671243183553e+00 -1.522717050022533103e+00
-9.066933246461048035e-02 2.380463847932898336e+00
8.396593964252178077e-01 -3.123855845902946626e+00
8.143364454643570838e+00 1.402927005614157174e+00
-3.596612935553396895e+00 8.048467965457799522e-01
-4.402805940157175968e+00 8.109988104600196479e-01
7.420831864689636959e+00 1.673930988466885372e+00
3.002868898200865000e-01 4.349560450079210661e+00
7.198921208526886772e+00 1.255159892122127863e+00
2.961375179863266816e+00 -1.712397061729479031e+00
-4.810009665989820604e+00 -2.165012932308396365e-01
6.298757032711595372e+00 -5.533470812946879036e-01
-5.737664773681707686e+00 -1.480749413177270712e+00
-4.584879336576829445e+00 2.791310230029204753e+00
-4.496339862063750026e+00 2.481801698638828935e+00
-6.030576058845918297e+00 -9.172995651538875528e-01
-2.879553107632001563e+00 -2.835822060050650961e+00
7.761384825732314141e+00 8.230766825479471915e-01
-4.432835169880055659e+00 1.307558693345918233e-01
1.134089303029968798e+00 -3.200767375368441137e+00
-4.143428322294955279e+00 2.907457431930508207e+00
-4.385701383328381553e+00 5.179667620177155207e-01
-3.813793861841408450e+00 1.328642621735979246e+00
2.333022233074269480e-01 -1.469133340691527678e+00
-3.846166525207523890e+00 -1.020914827716345175e-01
1.099556912639492445e+01 -1.326833380207003976e-01
2.669992249624699276e+00 -2.378289811588747860e+00
3.495385847628862397e+00 5.317891605089883456e+00
-5.445939234966631126e+00 3.791097043512047460e+00
-4.698884545200779250e+00 -7.949130185697630413e-01
-5.128626508787125005e+00 -8.466407301359356596e-01
3.554975549277511249e+00 -2.356636091048727621e+00
-4.781013863106171158e+00 -1.544585853270265430e+00
-3.827439346636508866e+00 -3.673813040789367435e+00
-4.660717342563032162e+00 -2.090852139434913326e+00
-5.551355836529702437e+00 -3.240896605539168362e+00
-3.064902474089026718e+00 7.413659410160250429e-02
7.814267094728914564e+00 -3.811680874768698102e-01
-5.267601518964727170e+00 -7.712372612490203672e-01
2.836316287538368286e+00 3.500473757240687434e+00
7.038929306403435504e+00 3.102022298626428976e-01
-3.734641858304900808e+00 -1.256421632459946869e+00
4.380767627389911212e+00 2.033172744377741425e-01
-7.035931713344149685e+00 1.118108205136003619e+00
3.669260638125122487e+00 -2.010063733570353950e+00
-5.090240661953210122e+00 1.679706809853334759e+00
-5.937165724547717183e+00 4.952970078629304052e-01
6.428312171459861446e+00 7.450145671976713402e-01
-3.001856533903809687e+00 -1.445415663630033709e+00
-4.536216449331425538e-01 -1.445219104609452465e+00
-3.526924191254422691e+00 -1.360357883198075601e+00
5.858564634951080485e+00 5.033233180792014316e+00
-5.311350609661521283e+00 -1.193640448427921941e+00
2.305396516713718036e+00 3.454057062290497804e+00
4.099487031753312749e+00 -4.564155914651405466e-01
-3.246881550671547156e+00 1.830203652131958902e+00
-2.673658274782509281e+00 2.603954354148013017e+00
1.446379656455816454e+00 -3.219913027724444099e+00
-4.421427431625796878e+00 -2.943919997912082032e+00
-5.501402373897874121e+00 1.900206052932840617e+00
7.640708374300607675e-01 -3.245950684136718056e+00
-5.176927537751508268e+00 -7.731399530232018202e-01
-4.946529082458635429e+00 9.828945904294765779e-01
-2.130087727130126396e+00 2.988555871095339711e+00
-3.782128758696450710e+00 -6.353919652489894432e-01
1.427193835152572809e+00 -2.534930202847137437e+00
3.326533155278294629e+00 -2.949611782072135036e+00
7.243816722800188401e+00 -1.574184296085213486e+00
-2.312188842014914592e+00 -3.161253775408142896e+00
6.479111279135762125e+00 4.697131555792498858e+00
-4.374451356214541953e+00 -2.413910466647365194e+00
-4.772287565637528539e-02 -2.957911096715825749e+00
2.238497350469709435e+00 5.811043772312476818e+00
7.513300168862234507e+00 3.099527137953383971e-01
2.792607120979506141e-01 2.269427877056315435e+00
-4.775253988895284962e+00 -9.760999142454744870e-01
-6.837141081921540575e-01 -2.198277575396833772e+00
-5.794484366680306697e-02 6.811535268039816238e+00
-3.215368128741611820e+00 6.722161056585977956e-01
-6.319738094262574712e-01 -2.128647123875399672e+00
-2.197216177460860287e+00 -2.322103079922097635e+00
-4.808496745176307208e+00 -3.100599869987146207e+00
-5.016480984294341638e+00 -1.590726382916221482e+00
3.919198860440509691e+00 -5.898070194263073107e-01
-1.075930560422367011e+00 -2.497692702016675703e+00
1.690419705374829551e+00 -2.658650609063038850e+00
-5.229686737390205842e+00 -5.319150230250658140e+00
-4.171206629468913185e+00 -1.150779810631708422e+00
-5.098428007148917196e+00 3.659992593165172448e+00
5.042713008811729125e+00 -9.203770859747287814e-01
-6.490947634796086163e+00 -9.311672316785446490e-01
1.730824923449486796e+00 3.943418400821886216e+00
8.560877944813720664e-01 4.764076867176866514e+00
2.334443624285995611e+00 -2.737213819854361851e+00
3.952426547778316035e+00 -1.983704522929220282e+00
2.482280281714113634e+00 -2.714728888625591363e+00
-4.568066446691844362e+00 1.009699406585882198e+00
1.246234728216979004e+00 -3.673423503512224464e+00
-3.784582835678509838e+00 -4.214485701682945118e-01
4.100919155293625273e+00 -1.467808211012386899e+00
5.997464351493004386e+00 -1.447406715993065696e+00
-5.347717193066054975e+00 5.469197768302374030e-01
3.530289798601383477e+00 -2.809269846378891877e+00
-4.600286952671780227e+00 -1.085660455183868889e+00
4.436146263636087661e-01 -7.876624680133210710e-01
3.576717140136048023e+00 3.692960375315873733e+00
-4.487590266079368284e+00 -4.026086735704991204e-01
8.751041242497180406e+00 3.254003661890134125e-01
6.702352045926860846e+00 4.419265327938646237e-01
6.818846059644689817e+00 -5.901909213660735398e-01
-5.222167016265943928e+00 -8.934664771416007678e-01
6.919298405617130499e+00 -7.357547751849951023e-01
-6.929618429514432520e+00 -1.926478336484763743e+00
-3.082377847829197215e+00 -3.351152635179673878e-01
2.524835658720475440e+00 -1.462412507264582162e+00
-3.506408554662414190e+00 -1.235216651121502363e+00
-5.807128190590432837e+00 -2.809707664686668771e+00
3.578797409849663769e+00 -2.911891701587879133e+00
7.541262571731925657e-02 -5.450748754278922359e-01
2.028011370298603566e+00 -1.003067177485368777e+00
-5.177972494405024051e+00 -3.988555503497176247e+00
-5.662129353814332688e+00 3.538262219179697077e+00
7.735143306500188665e+00 1.251778700483759277e+00
1.453171780190042339e+00 -3.476642193582920592e-01
-5.175854866843376811e+00 -1.561385449993937025e+00
-4.303709784178441744e+00 -5.586296355368180144e+00
-2.514084620357293964e+00 1.530530219724429930e+00
6.101982688765679175e-01 -3.608565254178750070e+00
-3.498731943926974175e+00 1.098741039980315914e+00
-4.417308036965499340e+00 -1.488908993349861820e+00
6.556517840890156101e+00 1.605217467946705945e+00
-4.426753404650790813e+00 -5.657142781179378410e-01
2.839954692258909175e-01 3.833635849761892089e+00
-6.826118936819384864e+00 -3.189897914456292227e+00
1.401394298874025779e+00 8.495552331857445516e-01
6.062564625493238601e+00 2.009258328050922970e-01
8.737985526851108631e+00 4.711680873243092593e-01
5.164674338463897563e+00 1.030375810236017431e+00
-3.558822594236284775e+00 5.515791481355419856e-01
5.349831203962603254e+00 -4.219447921464079820e-02
1.613898879485448967e+00 6.454055002358001225e+00
3.185941518415670082e+00 -8.634733939055907470e-01
-6.127622853114597312e+00 -1.233724481252193028e+00
-5.285773797721154743e+00 -1.877047603644371065e+00
3.588110462240388099e+00 -1.307180848110196081e+00
-5.815281485143855456e+00 -1.062179403071556338e+00
-5.759042947403298918e+00 1.882626821761979041e+00
-4.432506422263957191e+00 1.003517117881611798e+00
6.998112709374454399e-01 3.328057424255423946e+00
4.878245253802376169e+00 -1.955242971215428727e-01
-5.039109086217878009e+00 -2.467910266410697773e+00
5.649652401702947913e+00 -8.889878268994703125e-01
7.055885775881010957e+00 -1.134915823560897485e-01
-4.178263125079959117e+00 -1.869051996286356931e-01
6.288893443009306417e+00 6.976718012352496334e-01
2.120780582554624427e+00 -2.747337780111681838e+00
-4.842116476938781666e+00 -7.354186581738623163e-01
1.517627448461637663e+00 5.154184978099898728e+00
3.236139685361442808e+00 -2.636837275649515533e+00
-4.924862968636599447e+00 -1.257949975268997100e+00
-5.104668196223991927e+00 2.405278411880547917e+00
-3.385022433973300160e+00 1.344058342975728571e-01
2.504950209978986209e+00 4.360422099023425702e+00
-4.906609587519547011e-01 -6.864366742424168333e-01
8.779322731224392662e-01 -1.592168414582449065e+00
-3.499177717798314546e+00 4.615100663635574030e-01
5.960874607964444793e-01 -3.218197971991418882e+00
-2.845035819514928566e+00 4.443301152311649460e+00
1.822248345754265753e+00 -1.919825572768723010e+00
4.232622372021294765e+00 -9.746781301416261589e-02
1.234147312045557499e+00 4.887122001079281297e+00
-2.399829011828152336e-01 -2.801147284136278337e+00
3.215548423653967980e+00 -8.993803453314694885e-01
7.509395518292959260e+00 7.477755825482323981e-01
-4.340208290250410772e-01 2.134631477927525722e+00
-4.278001447737909579e+00 2.199246473222556286e+00
4.924096739325553251e+00 8.968903363705262866e-01
-3.483333166708471040e-01 -1.461377546106642944e+00
2.380669077704402170e+00 -9.540185800540743610e-01
-2.170429285776661832e+00 2.200020946149704226e+00
6.423421986744099144e+00 3.531298942087729431e-01
2.032431599590169391e+00 -2.714290967104963759e+00
1.060381179785077066e+00 5.958888887945471780e+00
5.325804610191926525e-01 4.593841895915484308e+00
6.191234150557823890e-01 5.576796686738493491e+00
-4.977382262766598231e+00 1.572273270297724679e+00
6.284434358852060143e+00 1.406564659663338990e+00
1.986135853616480595e+00 -1.845567843077168924e+00
6.403373870175976812e+00 -4.373662304575844373e-01
6.143451254935714090e+00 2.943799165016881547e-01
2.664349976664570185e+00 -3.431739676743210232e+00
4.087581905523642867e+00 -2.658229654161453848e+00
-5.138474870830600949e+00 -9.392604262211634580e-01
4.661580168743733488e+00 -5.384898953124780396e-01
-2.413472739300488001e+00 2.054997772414249191e+00
8.494465910853515211e+00 -1.038064802654150853e-01
2.737244737817824181e+00 -1.703617819556202395e+00
-3.803918078943020920e+00 2.733374768505203889e+00
-1.767378322828617510e+00 2.274376316915438512e+00
8.203516172084800218e+00 2.027061185105116792e+00
-3.844940145532169673e+00 -3.490967982494640687e+00
1.671029736634130014e+00 3.744909043833478446e+00
-2.168816830895284653e+00 -3.680030489035832630e-01
1.789944095806344504e-01 -3.717240076410278427e+00
4.590214148999129051e+00 -6.234892517059000827e-01
-4.518382834734427256e+00 -3.555696218764012873e-01
6.338770080499196879e+00 3.015358017491691078e-01
6.121974026275117886e+00 1.616765151476258211e+00
2.116454778169410744e+00 3.227072817566120300e+00
7.912020158580090445e+00 -5.610093634092143677e-01
-3.787221663749756217e+00 1.058904547155480769e+00
5.958457974912698241e+00 -1.386107255869963861e+00
1.436902369725042261e+00 -2.921279655416604726e+00
-4.503633629441463171e+00 -5.959558243772877795e-01
1.498685322384717855e+00 5.184112290964863590e+00
-2.973231358758293918e+00 3.178895813523400005e+00
-3.306479375979271218e+00 -8.199553353338369099e-01
2.619602975492563601e+00 -3.204727301190960276e+00
1.281561322833739025e+00 4.764496761692955218e+00
-4.384433569162099253e+00 4.949239716592205296e-01
-3.558288752789722231e+00 -3.582916868387457376e-01
1.621539011245153983e+00 -4.224666876399462367e+00
-5.839869478540668624e+00 -6.181210853017704565e-03
-4.653430281837641402e+00 -5.423422725038471448e-01
3.633867177913686852e+00 3.462858879029602210e+00
1.724410026579809241e+00 1.760581514811881298e+00
-3.720308767028672747e-01 -2.422475027170828188e+00
1.303380434429898926e+00 -1.544108343312836196e+00
2.139315405141733795e+00 -3.593054315750932037e+00
-4.898415134741897603e+00 -2.942941552227868574e+00
-5.607367840924394109e+00 -1.398764914677449456e-01
-3.506870497176456380e-01 -2.215188423116256633e+00
-4.038875777761913533e+00 -3.569207713612097876e+00
-6.053808438405558157e+00 1.001837388822653274e+00
8.039935922660022882e+00 -1.665955642423677940e-01
3.434366906234410877e+00 -2.897579615915630402e+00
1.874321355982535353e+00 -2.508309150933150544e+00
3.679901808863757506e-01 4.080883459018090242e+00
2.626132288266218140e+00 -3.546938199422936311e+00
-2.586856505310028531e+00 7.110261915936479937e-01
-3.989033294530057727e+00 -3.780151385932708052e+00
-5.565511026856512444e+00 4.325448416935335216e-01
-4.252769787280731073e+00 3.294022616904650924e+00
6.826670302071796925e+00 6.208094262194724378e-01
1.663715180128265025e+00 -1.947485291115960804e+00
-3.692032741905096227e+00 1.420594264212651225e+00
-4.462236424260301426e+00 2.426919537753204459e+00
1.055739219187847300e-01 -2.502339018824887518e+00
5.725382851211849200e+00 -1.902309679655415364e-01
1.134930003012450728e+00 -1.746216229199327064e+00
3.353293731131175015e+00 4.966899820483298811e+00
7.616273788795978383e+00 -8.970119354532166689e-01
8.367476520311802446e+00 1.276903604210310350e+00
4.525684974093413082e+00 -1.085412139055772052e+00
7.706027654509552960e+00 -1.560550733916609367e+00
-4.215461241380075386e+00 6.165903486918840049e-01
-4.712789626991009229e+00 1.101453262440370784e+00
-6.352019325412241457e+00 3.062551617344072774e+00
1.472819452186381994e+00 -1.515040490955710917e+00
-3.965209550562119212e+00 2.892786688314661347e+00
7.789529283721002839e-01 2.974549488747945336e+00
5.684124112315785737e+00 3.896292519084367800e-01
4.215655794186728755e+00 7.435586813905628034e-01
1.461661194118103246e+00 3.664047570291590894e+00
1.064165377267686896e+00 4.013417922227922929e+00
8.231958502514730824e+00 1.255954718180882501e-01
-2.827162029823202971e+00 -5.080587537787731200e+00
7.641122629430372459e-01 -3.581306457973414403e+00
1.903775394835953261e+00 -2.988304907802119992e+00
3.669536613584557738e+00 -2.752207260901710306e+00
2.844165860832893244e+00 -3.138160694561921815e+00
1.192410915735619970e-01 -1.665385843561557166e+00
1.138717694287844306e+00 4.064401850184621523e+00
2.218669389402494474e+00 2.161909524759929369e+00
-2.594449449247686612e+00 -4.159935015641261558e+00
2.596347588125724748e+00 -1.755807885446964089e+00
-4.658032974325298170e+00 2.560573785219948384e+00
-1.744826186656534661e+00 -4.637812239341024600e+00
3.849228680752811993e-01 4.249678350450057707e+00
-3.709422630799414478e+00 -1.040374238534367723e+00
-5.512971252062886407e+00 -1.494693093702740838e-01
1.882087868155556953e-01 -3.577101641516694741e+00
7.114883407034731100e-01 6.012307933900751244e+00
-5.075266542750029863e+00 -3.217967430312233645e+00
7.418671123957386371e+00 2.621363700586604839e+00
-3.380807265774889547e+00 -1.490281133989187934e+00
5.484840240362091279e+00 1.668234068574927509e+00
-4.586893308341628561e+00 -2.022714247662610987e+00
7.008706265644204514e+00 1.400152766903367763e+00
-3.251686103369628267e+00 3.383078259054655756e+00
3.814887968845943056e-01 -3.701074260350111889e+00
7.991240486795517128e+00 3.200360893750963109e-01
4.357755112397576625e+00 -2.562446336777169265e+00
3.080732455988819840e+00 -1.431433720551110733e+00
-4.116155333087842649e+00 -1.001629794021709374e+00
-1.596832345380644558e+00 -1.838234115646529609e+00
8.588940003029884807e+00 -1.261681415742862855e+00
7.931999657190027975e+00 -1.624159662372335555e+00
5.935005528381869233e+00 4.910776651461189468e-01
-1.058900976268942973e+00 -3.449722893762975584e+00
-2.850605617005532721e+00 -3.054912504352933933e+00
1.935166490028431774e+00 -2.309960407627673629e+00
1.173001828220230358e+00 2.985414340475184058e+00
-1.164408718043674629e+00 -3.164992390361336838e+00
-8.968996697250954941e-01 -3.674216003397921426e+00
2.274792248657808269e+00 -2.097395513297751535e+00
4.407120752122307472e+00 -2.448302375119289387e+00
-3.456712932538987815e+00 -2.877173969878971782e+00
2.916445076960183513e-01 4.339828963113021132e+00
-5.887795151850325759e+00 6.888710039667054197e-01
3.411667704063841899e+00 -1.218049151288934429e+00
-4.565407876537041609e+00 -1.458769461518717225e+00
2.499389133077032921e-01 -3.068285901739945754e+00
6.323080529304348829e+00 -3.204091725794334933e-02
4.780646351568774932e+00 -2.742270527718372541e+00
-3.156029320664611060e+00 -8.918420724196916005e-01
-6.343143482176238024e+00 1.012335735676911153e+00
6.269559340009466020e+00 4.897626603401531442e-01
-2.081090100907280471e-01 6.094786736963060392e+00
-3.418132056767203331e+00 1.045334617003452760e+00
2.648063294129366696e+00 -1.418592554900021119e+00
-1.277333144558263411e+00 -1.883045409466681086e+00
6.087552317515629419e+00 -7.314036275987593205e-01
-2.800866137461563099e+00 -9.491045005068883267e-01
-5.172802211039631004e+00 1.077808884596556993e+00
-5.608226047863927199e+00 -4.823790327541961354e+00
7.913371956106786342e+00 1.567073248601163371e+00
-4.517401707965674085e+00 -1.266924682842060168e+00
7.158891360153024408e+00 3.489290105672206987e-01
9.330419126949760056e+00 -7.219041851187378844e-01
-3.845674213964209720e+00 7.926388833950672730e-01
3.394073500697945889e+00 -1.922540775389820489e+00
-3.791974788206026403e+00 -1.155066790227587514e+00
-4.549762876433478098e+00 -2.286843801207032012e+00
-5.112078810116392091e+00 9.875539439717626600e-01
5.937305830289331787e+00 -5.801738791337300860e-01
6.812358363319610532e+00 -7.840228133566096158e-01
8.599893420680317035e+00 -1.754563999538710117e+00
6.302785437950963576e+00 2.157964047810265185e-01
5.836907443174054855e+00 -1.600705909938035854e+00
7.433544801120514300e+00 1.817808641659318103e-01
-1.942978972963791406e-01 -1.275445305667778584e+00
9.999247002128461403e+00 6.881068632925633199e-01
4.520710812681514312e-01 -3.562679695861595608e+00
-5.683691859932284984e+00 6.312810778196662476e-01
-5.027169862947805434e+00 -5.846623573419396092e-01
-5.104937357329796477e+00 -2.765705018625325362e+00
1.456918103379783558e+00 -3.457240840317954866e+00
6.364357643632121864e+00 1.439403439541846685e+00
-4.113968206301947816e+00 -5.438090160948062746e+00
-2.576389759477452301e+00 -2.395966509649490650e+00
-6.076164464368671858e+00 -4.386357246651456876e+00
-3.919677018724587292e+00 3.568852762592336969e+00
-3.199842394089442266e+00 -2.641431744603511156e+00
1.762305148212060413e+00 2.206860287648333419e+00
-4.173873146019105640e+00 1.899111119729751440e+00
-3.165918801176268449e+00 -2.649946829125580994e+00
-5.390547821559548147e-01 4.766162633029009221e+00
-5.688601078803982247e+00 2.065348128771279601e+00
-4.526541941724325113e+00 1.642255347418356770e+00
-5.323646669401376208e+00 3.161508310775224651e+00
3.098074205458834385e+00 -2.740859056854122677e+00
3.963959377081828772e-01 -3.240739967319677728e+00
6.245839584648171794e+00 1.291370888690224206e+00
-4.768688290294137211e+00 4.006437361006974507e-02
1.355163978130663693e+00 3.458253145085394387e+00
7.774990090449777069e-01 -2.290594757340218557e-01
8.959059836765858265e+00 7.108559469824395904e-01
2.954958252622532644e+00 3.866279976317125389e+00
-4.832654901745471854e+00 -9.561105125923778647e-04
-3.657558105411103710e+00 2.600021510695059490e+00
6.596913297584533709e+00 -1.731700709936091265e+00
-3.088770150277249549e+00 3.664141920445479261e+00
4.541528147326303610e+00 -3.062155225635527778e-01
2.082677527513295601e+00 -3.868117616424629368e+00
-5.946968886724340209e+00 2.352641236350403453e+00
1.002694904875637061e+00 -2.535607010550675611e+00
-3.611038502067990486e+00 1.687903434830938298e+00
-4.166495731656822521e+00 -2.838809959190328858e+00
-4.430776590418653016e-01 -1.602146679100006077e+00
6.688679445029967141e+00 1.031533919213826866e+00
2.566465213208941609e+00 -2.648553502552325689e+00
-5.181170678340744296e+00 -8.192684764064783742e-01
6.512680057009299972e+00 9.290791173317678453e-01
